
ans =

   480   640     3

