
ans =

   -6.5466


ans =

    8.0752

