
ans =

     2     2     2
    61    69    69
    69    61    69

