
ans =

James Bond


ans =

    3.1416


ans =

     1     2
     3     4
     5     6


ans =

    17    24     1     8    15
    23     5     7    14    16
     4     6    13    20    22
    10    12    19    21     3
    11    18    25     2     9

