
ans =

    10
     8
     9

