
index =

     3
     5
     6

