
C =

    24
   135


D =

     6
    15


E =

         144
        2025

