
C =

    13    37    58    24

