
B =

     2
     7
     5
     4
     3

