
A =

     4     1
     7     7
     0     4
    23    13

