
x =

     7


y =

     5


z =

     4

