
A =

     1    16    49   100
     4    25    64     0
     9    36    81     0


ans =

     1

