
myData =

    84   105    32
   104   115   105

