
myData =

       26708


myData2 =

       26708

