
myData =

     1    16
     4    25
     9    36

