
str =

3.1416      1.4142     0.47712


retrieved =

    3.1416
    1.4142
    0.4771

