
B =

[1 2 1;3 5 6]


ans =

     1

