
score1 =

    85    80    92    78
    80    85    90    88
    88    82    90    80


score2 =

    85    80    92    78    80    85    90    88    88    82    90    80

