
ans =

    64     3

