
d =

    10
    30
    40

