
idx1 =

     1
     3
     1
     2


idx2 =

     1
     2
     3
     3

