
output =

     0     0     1

