
b =

     2     3
     4     5


c =

    1.0000    0.5000
    0.3333    0.2500

