
w =

   1.0000 - 1.0000i   3.0000 + 0.0000i
   2.0000 + 0.0000i   1.0000 - 2.0000i

