
M =

    17    24     1     8    15
    23     5     7    14    16
     4     6    13    20    22
    10    12    19    21     3
    11    18    25     2     9

直行總和：
ans =

    65    65    65    65    65

橫列總和：
ans =

    65
    65
    65
    65
    65

對角線總和：
ans =

    65

反對角線總和：
ans =

    65

