
B =

     3     4
    13    13

