
B =

    4.0000    1.0000    0.2500    1.0000
    7.0000    7.0000    0.1429    0.1429
         0    4.0000       Inf    0.2500
   23.0000   13.0000    0.0435    0.0769

