
B =

    91    67    67
    67    91    67
    67    67    91

