
colMax =

    23    24    25    21    22


colMaxIndex =

     2     1     5     4     3

