
ans =

   16.8481

