
sorted =

     1     3     4     5     8


index =

     4     1     5     2     3

