
F =

     1     2
     3     4
     5     6


G =

     5

