data.csv ªº¤º®e¡G

1, 2, 3
4, 5
6, 7, 8, 9

A =

     1     2     3     0
     4     5     0     0
     6     7     8     9

