
myData =

    84
   104
   105
   115

