
myData =

     1
     4
     9

