
A =

    13
    10
    41

