
h =

  Columns 1 through 4

       1              1/2            1/3            1/4     
       1/2            1/3            1/4            1/5     
       1/3            1/4            1/5            1/6     
       1/4            1/5            1/6            1/7     
       1/5            1/6            1/7            1/8     
       1/6            1/7            1/8            1/9     

  Columns 5 through 6

       1/5            1/6     
       1/6            1/7     
       1/7            1/8     
       1/8            1/9     
       1/9            1/10    
       1/10           1/11    

