ab = 11.755705
bc = 10.449971
cd = 15.208119
ad = 17.820130
ac = 18.477591
bd = 19.753767
ab*cd = 178.782165
ad*bc = 186.219852
ac*bd = 365.002017
ab*cd+ad*bc-ac*bd = 0.000000
